<TICKER>;<PER>;<DATE>;<TIME>;<OPEN>;<HIGH>;<LOW>;<CLOSE>;<VOL>;<OPENINT>
МТС-ао;D;20170103;000000;259,95;268,4;259;262,65;1673950;0
МТС-ао;D;20170104;000000;262,85;263,1;257,05;259,3;1058480;0
МТС-ао;D;20170105;000000;260,8;264,75;258;260,5;1289430;0
МТС-ао;D;20170106;000000;259,45;262,7;254;257;914080;0
МТС-ао;D;20170109;000000;257;259,55;255,45;258,4;674840;0
МТС-ао;D;20170110;000000;258,4;261,3;253,6;255,7;1859190;0
МТС-ао;D;20170111;000000;255,05;258,2;255;257,1;1502130;0
МТС-ао;D;20170112;000000;259;260;251,65;257,95;3167350;0
МТС-ао;D;20170113;000000;259;263,55;256,95;262,95;2580300;0
МТС-ао;D;20170116;000000;262,1;264,95;259,2;263,35;607330;0
МТС-ао;D;20170117;000000;262,8;267,1;258,65;265;2776990;0
МТС-ао;D;20170118;000000;264;265,9;261,5;263,6;1792010;0
МТС-ао;D;20170119;000000;263,55;269,3;262;268;2493110;0
МТС-ао;D;20170120;000000;270,15;275,1;268,1;272,9;3925650;0
МТС-ао;D;20170123;000000;272,9;274,8;266,2;267,7;1681420;0
МТС-ао;D;20170124;000000;267,8;269,85;265,1;265,7;1243230;0
МТС-ао;D;20170125;000000;266;269,7;265,7;268;1074460;0
МТС-ао;D;20170126;000000;268;279;268;277,5;3539150;0
МТС-ао;D;20170127;000000;277,45;279,55;273,05;277,05;1472440;0
МТС-ао;D;20170130;000000;277,5;278,95;273,9;276,35;781080;0
МТС-ао;D;20170131;000000;275,55;277,65;271,2;275,7;939530;0
МТС-ао;D;20170201;000000;277;280,65;272,8;279;1691850;0
МТС-ао;D;20170202;000000;279,4;279,9;272,7;272,7;1220550;0
МТС-ао;D;20170203;000000;274,55;277,5;272,85;274,35;682050;0
МТС-ао;D;20170206;000000;275,75;275,75;271;271,9;1072710;0
МТС-ао;D;20170207;000000;272,7;277,95;271,45;275,9;1694090;0
МТС-ао;D;20170208;000000;274,95;275,45;271,1;271,1;949130;0
МТС-ао;D;20170209;000000;272,45;273,7;269,1;272,2;721130;0
МТС-ао;D;20170210;000000;272,35;273;270,2;272,1;641240;0
МТС-ао;D;20170213;000000;272;273,9;268,05;270,75;882900;0
МТС-ао;D;20170214;000000;270,85;270,95;265,55;267,6;757580;0
МТС-ао;D;20170215;000000;266,4;280,65;263,5;273,45;4278620;0
МТС-ао;D;20170216;000000;273;278;270,7;277,45;1541030;0
МТС-ао;D;20170217;000000;277,4;279;272,45;277,5;1389270;0
МТС-ао;D;20170220;000000;277,5;283,65;274,85;281;1814020;0
МТС-ао;D;20170221;000000;281,05;282,5;278,25;278,55;1926980;0
МТС-ао;D;20170222;000000;278,5;280,9;276,25;279;1253820;0
МТС-ао;D;20170224;000000;278,55;279,8;276,4;277,05;509860;0
МТС-ао;D;20170227;000000;277,05;278;272,5;274,35;921780;0
МТС-ао;D;20170228;000000;274,3;277;271,5;275,5;2402360;0
МТС-ао;D;20170301;000000;279,6;279,6;272,6;273,3;1185290;0
МТС-ао;D;20170302;000000;274,95;278;273,7;275;2278430;0
МТС-ао;D;20170303;000000;274,65;275,5;273;274,55;1215030;0
МТС-ао;D;20170306;000000;274,55;278;273;273;1302300;0
МТС-ао;D;20170307;000000;273,95;274,6;267,25;270;1438000;0
МТС-ао;D;20170309;000000;268,05;270;256;257;3069860;0
МТС-ао;D;20170310;000000;256,4;260;249,15;255,2;1527010;0
МТС-ао;D;20170313;000000;255,05;272;250,5;271,8;2852190;0
МТС-ао;D;20170314;000000;270,95;273;263,6;269;1460550;0
МТС-ао;D;20170315;000000;268,95;271,55;259,4;260,1;1741480;0
МТС-ао;D;20170316;000000;262,3;269,6;261;269,6;2763460;0
МТС-ао;D;20170317;000000;269;272,3;264,5;268,15;3224070;0
МТС-ао;D;20170320;000000;269,1;275,85;265,45;275,35;2969540;0
МТС-ао;D;20170321;000000;275,35;284,7;273,15;283,75;2607750;0
МТС-ао;D;20170322;000000;280,05;287,8;276,25;287,5;1729170;0
МТС-ао;D;20170323;000000;287,95;293,5;282,1;290;2766940;0
МТС-ао;D;20170324;000000;288,85;291,25;287,15;288,85;1204990;0
МТС-ао;D;20170327;000000;288,1;288,6;280;283;1539350;0
МТС-ао;D;20170328;000000;283,65;287,65;282,25;284,5;1016930;0
МТС-ао;D;20170329;000000;286;287,45;284,75;285,05;579750;0
МТС-ао;D;20170330;000000;284,7;286,5;280,1;280,25;713280;0
МТС-ао;D;20170331;000000;279,5;279,5;272,6;272,6;1162190;0
МТС-ао;D;20170403;000000;272,4;276,2;271,3;273,55;742960;0
МТС-ао;D;20170404;000000;273,3;281,8;270,6;279,1;1045870;0
МТС-ао;D;20170405;000000;280,4;283,9;276,4;278,95;757680;0
МТС-ао;D;20170406;000000;278;285,9;276,65;284,55;1034840;0
МТС-ао;D;20170407;000000;282,9;285;278;281,25;1211040;0
МТС-ао;D;20170410;000000;281,25;281,25;273,4;273,5;1098650;0
МТС-ао;D;20170411;000000;273,5;276,65;271,5;275,6;1059190;0
МТС-ао;D;20170412;000000;277,5;279,8;271,25;275;1704510;0
МТС-ао;D;20170413;000000;276;281,4;268,25;274,5;1941410;0
МТС-ао;D;20170414;000000;275,6;276,95;270,15;270,8;489330;0
МТС-ао;D;20170417;000000;270,85;273,8;269;272,25;307750;0
МТС-ао;D;20170418;000000;273,75;275,15;268,65;269,1;515080;0
МТС-ао;D;20170419;000000;270;271,4;265,5;268,1;977450;0
МТС-ао;D;20170420;000000;266,2;267,05;263,05;265,9;609060;0
МТС-ао;D;20170421;000000;268,05;270,9;265;266,55;606860;0
МТС-ао;D;20170424;000000;269,8;274,35;268;274,35;876290;0
МТС-ао;D;20170425;000000;274,4;282;271,25;277,3;1379980;0
МТС-ао;D;20170426;000000;278,25;278,55;273,3;277,6;1033560;0
МТС-ао;D;20170427;000000;276,9;278,8;273,55;274,4;699380;0
МТС-ао;D;20170428;000000;275,8;280;272,2;273,85;1187300;0
МТС-ао;D;20170502;000000;275,2;277,5;271,15;276;887470;0
МТС-ао;D;20170503;000000;270,1;272;246;247,3;11848100;0
МТС-ао;D;20170504;000000;248;255,2;242,3;246,5;8252970;0
МТС-ао;D;20170505;000000;244,8;256,8;243,55;256;3747090;0
МТС-ао;D;20170510;000000;260;265,4;256;256;4148410;0
МТС-ао;D;20170511;000000;257,55;261,15;250,9;253,1;2306330;0
МТС-ао;D;20170512;000000;253,1;253,1;248,1;250,9;1445610;0
МТС-ао;D;20170515;000000;249,05;252,9;241,15;246,5;2954430;0
МТС-ао;D;20170516;000000;247,5;247,65;238,75;241,45;5594340;0
МТС-ао;D;20170517;000000;240,95;245,35;239,6;243,7;2231980;0
МТС-ао;D;20170518;000000;241;245,4;240,35;244,25;2149400;0
МТС-ао;D;20170519;000000;244,4;245,35;241;242,4;1811040;0
МТС-ао;D;20170522;000000;242,4;244,4;240,65;243,6;1153950;0
МТС-ао;D;20170523;000000;242,35;248,8;242,35;246,4;1980930;0
МТС-ао;D;20170524;000000;243;244,5;240,7;243,05;1595850;0
МТС-ао;D;20170525;000000;243,25;244,5;241,55;242;972580;0
МТС-ао;D;20170526;000000;241;243,4;240,75;243,05;1426960;0
МТС-ао;D;20170529;000000;243;243,9;241,7;243;473530;0
МТС-ао;D;20170530;000000;243;247,9;242,25;246,05;2204220;0
МТС-ао;D;20170531;000000;246,1;248,75;236,5;236,5;4500200;0
МТС-ао;D;20170601;000000;238,15;242;237,6;241,05;1527040;0
МТС-ао;D;20170602;000000;241,75;249,8;238,05;248,8;4143750;0
МТС-ао;D;20170605;000000;249;253,85;247,5;248,7;1845280;0
МТС-ао;D;20170606;000000;250,15;253,05;246,25;248,05;2255490;0
МТС-ао;D;20170607;000000;249,05;253,3;244,55;250;1670420;0
МТС-ао;D;20170608;000000;250;251,95;246,5;249;964270;0
МТС-ао;D;20170609;000000;248,6;252,25;247;252,25;861940;0
МТС-ао;D;20170613;000000;251,2;253,5;248,8;249,65;1870250;0
МТС-ао;D;20170614;000000;249,2;252,35;245;245;1895660;0
МТС-ао;D;20170615;000000;243,45;245,9;235,1;240,75;5779300;0
МТС-ао;D;20170616;000000;240;243,75;237,5;237,5;2344770;0
МТС-ао;D;20170619;000000;238,85;243;238,55;239,4;1372860;0
МТС-ао;D;20170620;000000;240,5;249;239;242,95;3277840;0
МТС-ао;D;20170621;000000;242,9;243,3;239,5;240,35;878810;0
МТС-ао;D;20170622;000000;239,9;243,15;238,45;242;1097090;0
МТС-ао;D;20170623;000000;242,3;246,55;240,05;244,3;1267280;0
МТС-ао;D;20170626;000000;245,75;246,45;239,05;239,05;1824590;0
МТС-ао;D;20170627;000000;229;235,4;226,7;232;9724870;0
МТС-ао;D;20170628;000000;232;235,4;230,15;235,05;2132300;0
МТС-ао;D;20170629;000000;235,45;237;233,55;234;2005580;0
МТС-ао;D;20170630;000000;233,65;237,25;232,85;234,5;1979250;0
МТС-ао;D;20170703;000000;235;237,55;234,05;237;1911480;0
МТС-ао;D;20170704;000000;237,25;239,7;237,25;239,5;1672270;0
МТС-ао;D;20170705;000000;239,3;240,1;237,5;237,55;1919640;0
МТС-ао;D;20170706;000000;237,05;239,35;236,55;237,55;2678360;0
МТС-ао;D;20170707;000000;224,8;226,1;224;224,05;2397470;0
МТС-ао;D;20170710;000000;225;226;223,05;225,6;1521900;0
МТС-ао;D;20170711;000000;225,65;228,7;223,6;227,95;1839770;0
МТС-ао;D;20170712;000000;227,6;231;226,6;229,95;1854470;0
МТС-ао;D;20170713;000000;230,95;233,45;230,3;233,45;1961930;0
МТС-ао;D;20170714;000000;233;236,5;232,6;236,4;1342490;0
МТС-ао;D;20170717;000000;236,4;237;233,65;234,8;936100;0
МТС-ао;D;20170718;000000;234,05;236,75;232,4;232,8;842420;0
МТС-ао;D;20170719;000000;232,05;233,1;230,1;231;983400;0
МТС-ао;D;20170720;000000;230,8;233,35;230,55;233,25;841990;0
МТС-ао;D;20170721;000000;232,5;234,45;230,15;230,55;912780;0
МТС-ао;D;20170724;000000;230,6;235,3;228,35;234,6;1258060;0
МТС-ао;D;20170725;000000;233,75;237,35;230,55;236,4;1688640;0
МТС-ао;D;20170726;000000;236;237,95;233,7;237,25;1409600;0
МТС-ао;D;20170727;000000;237,05;238,55;235,5;237,8;871620;0
МТС-ао;D;20170728;000000;238,3;238,3;233,35;236,95;1425380;0
МТС-ао;D;20170731;000000;236,9;238;233,6;236,2;2585200;0
МТС-ао;D;20170801;000000;236,65;238,85;235,8;236,7;2042470;0
МТС-ао;D;20170802;000000;236,85;240,6;236,15;240,1;1513480;0
МТС-ао;D;20170803;000000;240;244,45;240;243,3;1370760;0
МТС-ао;D;20170804;000000;243,45;244,55;240;241,05;1704280;0
МТС-ао;D;20170807;000000;241,9;243,7;241,1;241,6;874820;0
МТС-ао;D;20170808;000000;240,7;243,7;240,7;243,55;1098650;0
МТС-ао;D;20170809;000000;243,1;243,85;241,4;242;1293450;0
МТС-ао;D;20170810;000000;241,45;242,9;240,1;240,6;668550;0
МТС-ао;D;20170811;000000;240;242,9;240;241,3;2788100;0
МТС-ао;D;20170814;000000;242,75;244,4;241,45;243,85;776640;0
МТС-ао;D;20170815;000000;243,85;245,95;243,6;243,8;839160;0
МТС-ао;D;20170816;000000;243,65;245,45;242,5;243,8;552780;0
МТС-ао;D;20170817;000000;243,15;243,65;239,05;243,25;2019150;0
МТС-ао;D;20170818;000000;243;244;241,8;244;1023510;0
МТС-ао;D;20170821;000000;243;246,25;243;244,95;873100;0
МТС-ао;D;20170822;000000;245;246,2;244,15;245,25;628820;0
МТС-ао;D;20170823;000000;245,05;248;244,7;247,55;2130160;0
МТС-ао;D;20170824;000000;247,8;252,5;247,3;252;2353330;0
МТС-ао;D;20170825;000000;251,5;253;248;253;1627490;0
МТС-ао;D;20170828;000000;251,5;253,7;250;252;1125590;0
МТС-ао;D;20170829;000000;252,2;254,7;250,85;254,7;1227690;0
МТС-ао;D;20170830;000000;254,8;260,25;254,25;257,7;1862990;0
МТС-ао;D;20170831;000000;257,7;271,45;256;270;4617870;0
МТС-ао;D;20170901;000000;270,4;271,6;263,2;264,9;2630190;0
МТС-ао;D;20170904;000000;264;270,5;260,65;261,05;2511790;0
МТС-ао;D;20170905;000000;261;270;261;264,25;3527580;0
МТС-ао;D;20170906;000000;263,65;275,45;262,3;273,7;4756670;0
МТС-ао;D;20170907;000000;274,75;279;274,25;275,45;2455930;0
МТС-ао;D;20170908;000000;276,15;280;275,5;277,55;2312020;0
МТС-ао;D;20170911;000000;278,5;284,8;277,5;283,5;2946790;0
МТС-ао;D;20170912;000000;283,5;286,75;279;286,4;2447890;0
МТС-ао;D;20170913;000000;287;289,35;285,15;285,9;2791920;0
МТС-ао;D;20170914;000000;285,9;288,15;279,05;286,15;2466450;0
МТС-ао;D;20170915;000000;287;288,9;284,65;288;2769950;0
МТС-ао;D;20170918;000000;288;289,95;285,95;286,2;1998510;0
МТС-ао;D;20170919;000000;284,9;293,6;282,05;292,45;3029800;0
МТС-ао;D;20170920;000000;291;293,3;289,05;291,5;1707100;0
МТС-ао;D;20170921;000000;291,6;294,45;288;288;2576130;0
МТС-ао;D;20170922;000000;288;289,8;279,3;279,45;2811420;0
МТС-ао;D;20170925;000000;278,1;282,9;272,25;277,55;3135530;0
МТС-ао;D;20170926;000000;277,1;284,95;276;282,35;1682230;0
МТС-ао;D;20170927;000000;284,5;287,5;282,55;283,85;1637990;0
МТС-ао;D;20170928;000000;285;285,35;280,55;282,85;1885370;0
МТС-ао;D;20170929;000000;282,9;283;277,1;282,05;2186050;0
МТС-ао;D;20171002;000000;282;283;279;279,5;1171640;0
МТС-ао;D;20171003;000000;279;281,8;277,35;279,7;1612580;0
МТС-ао;D;20171004;000000;279,85;280,35;277,7;278,5;805700;0
МТС-ао;D;20171005;000000;277,65;280;276,45;278,6;1161880;0
МТС-ао;D;20171006;000000;279;281;277,4;278,45;1683100;0
МТС-ао;D;20171009;000000;279,9;283,65;279,15;282,8;2171830;0
МТС-ао;D;20171010;000000;283,45;284,8;281,7;283;2790550;0
МТС-ао;D;20171011;000000;282,5;291,95;282,35;291,95;2961250;0
МТС-ао;D;20171012;000000;283;283,65;280,45;282,5;1800250;0
МТС-ао;D;20171013;000000;282,95;284,7;281,75;283,7;1934940;0
МТС-ао;D;20171016;000000;283,7;284,25;281,8;283,5;1131450;0
МТС-ао;D;20171017;000000;283,4;285,75;282,3;282,3;1612160;0
МТС-ао;D;20171018;000000;283,5;286,3;282,45;286,1;1345270;0
МТС-ао;D;20171019;000000;285,05;287,45;281,55;281,55;1244370;0
МТС-ао;D;20171020;000000;283;284,6;280,85;281,15;1224320;0
МТС-ао;D;20171023;000000;281,6;282,6;277,25;280,75;1187900;0
МТС-ао;D;20171024;000000;281;285;280,95;284,2;818210;0
МТС-ао;D;20171025;000000;283,65;287,7;283,65;284,15;1181010;0
МТС-ао;D;20171026;000000;284,5;285,75;282;282,55;1077250;0
МТС-ао;D;20171027;000000;283,05;285,5;281,5;283,4;1526150;0
МТС-ао;D;20171030;000000;283,5;284,2;280,2;282,6;908980;0
МТС-ао;D;20171031;000000;283,7;285,6;280,95;281,5;1050060;0
МТС-ао;D;20171101;000000;282,4;292,9;280,55;287,75;3608640;0
МТС-ао;D;20171102;000000;287,5;288;279;281,6;1737900;0
МТС-ао;D;20171103;000000;282;286,9;281,65;286,2;860410;0
МТС-ао;D;20171107;000000;287;292;285;291,8;2541610;0
МТС-ао;D;20171108;000000;291,5;291,8;287,6;287,8;1148540;0
МТС-ао;D;20171109;000000;289,95;289,95;281,7;288,5;1465830;0
МТС-ао;D;20171110;000000;288;295;286,15;292,95;1724540;0
МТС-ао;D;20171113;000000;292,7;296,4;290,8;295,95;1516320;0
МТС-ао;D;20171114;000000;295,9;296,95;290,75;294,5;1208010;0
МТС-ао;D;20171115;000000;294,6;296,45;281,9;284,2;1648910;0
МТС-ао;D;20171116;000000;285;288,5;279,8;280,55;1717410;0
МТС-ао;D;20171117;000000;281,25;284,7;280,6;283;686490;0
МТС-ао;D;20171120;000000;283;283,85;281,8;283;355160;0
МТС-ао;D;20171121;000000;283;285,75;283;284,3;513290;0
МТС-ао;D;20171122;000000;285,95;286,5;280,3;280,3;1059480;0
МТС-ао;D;20171123;000000;280,3;283,1;280,3;283,1;510870;0
МТС-ао;D;20171124;000000;283,1;289,45;282,9;288,7;1412310;0
МТС-ао;D;20171127;000000;288,7;289;285,1;285,9;524240;0
МТС-ао;D;20171128;000000;285,3;286,8;282,7;284;687900;0
МТС-ао;D;20171129;000000;284;285,95;281,05;282;526140;0
МТС-ао;D;20171130;000000;282;284,55;275,1;284,55;1295690;0
МТС-ао;D;20171201;000000;281,8;283,9;276,05;277,4;724280;0
МТС-ао;D;20171204;000000;277,3;277,3;265,45;266;2647200;0
МТС-ао;D;20171205;000000;265;267,9;261,25;264;1195950;0
МТС-ао;D;20171206;000000;264;275;263,3;264,9;3664540;0
МТС-ао;D;20171207;000000;267;270,4;247,75;248;7092600;0
МТС-ао;D;20171208;000000;249,65;254,7;245,1;246,4;3921680;0
МТС-ао;D;20171211;000000;247,3;253,05;246,05;252,9;2565390;0
МТС-ао;D;20171212;000000;253,05;256,65;250,35;253,15;2893450;0
МТС-ао;D;20171213;000000;247;253,15;245,85;250,85;2047020;0
МТС-ао;D;20171214;000000;250,9;257,95;250,8;256,2;1334450;0
МТС-ао;D;20171215;000000;257,8;267,4;254,95;266;3058460;0
МТС-ао;D;20171218;000000;266,5;269,2;256,2;263;4543170;0
МТС-ао;D;20171219;000000;263,25;264,6;258;262,15;2945500;0
МТС-ао;D;20171220;000000;261;263,1;257,45;260,6;2094880;0
МТС-ао;D;20171221;000000;261,1;269,3;258,6;269;3246260;0
МТС-ао;D;20171222;000000;270,35;275,7;267,1;271,4;2290520;0
МТС-ао;D;20171225;000000;282;292,15;278,6;285,5;1866720;0
МТС-ао;D;20171226;000000;285,5;285,75;281;281,25;662740;0
МТС-ао;D;20171227;000000;281,2;282,55;278,5;280,5;1654360;0
МТС-ао;D;20171228;000000;279;280,3;276;279,9;596790;0
МТС-ао;D;20171229;000000;278,5;278,8;274,4;276;698140;0
МТС-ао;D;20180103;000000;276;278,9;271,3;275,5;1552660;0
МТС-ао;D;20180104;000000;277,3;282,85;273,4;282,1;1848890;0
МТС-ао;D;20180105;000000;282;282,6;276,45;281,35;837140;0
МТС-ао;D;20180109;000000;281;287,5;281;283,05;1439570;0
МТС-ао;D;20180110;000000;283,55;287,25;280,35;284,45;1275140;0
МТС-ао;D;20180111;000000;284,4;293,4;283,45;293;2659280;0
МТС-ао;D;20180112;000000;292,85;295,9;287,7;294,3;1558040;0
МТС-ао;D;20180115;000000;294;297,5;290,95;294,7;1257710;0
МТС-ао;D;20180116;000000;294,7;297,85;289,65;290;1463390;0
МТС-ао;D;20180117;000000;289,05;290,05;285,2;287,05;1606620;0
МТС-ао;D;20180118;000000;288,95;292,65;287;288,6;882310;0
МТС-ао;D;20180119;000000;290,35;292,9;287,9;292,2;817290;0
МТС-ао;D;20180122;000000;292,4;298;291,5;295,7;1633050;0
МТС-ао;D;20180123;000000;296,9;303,85;295;301,9;2375140;0
МТС-ао;D;20180124;000000;302,05;303,7;297,4;299,85;2503020;0
МТС-ао;D;20180125;000000;300;306,5;297,3;305,3;2182030;0
МТС-ао;D;20180126;000000;304;308,85;303,25;306,9;1551160;0
МТС-ао;D;20180129;000000;306;308,5;301,8;303,8;1536110;0
МТС-ао;D;20180130;000000;303,8;308,5;302,3;303,35;985140;0
МТС-ао;D;20180131;000000;303,45;311,55;301;309;1597760;0
МТС-ао;D;20180201;000000;307,5;312,85;305;311,5;2126350;0
МТС-ао;D;20180202;000000;310;311,1;302,3;304,4;1496550;0
МТС-ао;D;20180205;000000;302;307,5;295,25;304,55;2382210;0
МТС-ао;D;20180206;000000;298,65;307;296;302,75;3032030;0
МТС-ао;D;20180207;000000;304;305;299,45;301;1533680;0
МТС-ао;D;20180208;000000;300,05;302;295,75;295,75;1525630;0
МТС-ао;D;20180209;000000;294;295,45;289,4;294;2938690;0
МТС-ао;D;20180212;000000;294,45;301,8;291;301;2046920;0
МТС-ао;D;20180213;000000;301;304,7;300;304;1342810;0
МТС-ао;D;20180214;000000;304,45;304,65;298,1;300,8;1743830;0
МТС-ао;D;20180215;000000;304,9;307;300;304;1293940;0
МТС-ао;D;20180216;000000;303;310;303;306,15;1433520;0
МТС-ао;D;20180219;000000;305,2;308,3;304;306,5;838150;0
МТС-ао;D;20180220;000000;306,5;308;305,35;307,4;409060;0
МТС-ао;D;20180221;000000;307,2;315;304,25;313;1696810;0
МТС-ао;D;20180222;000000;312,25;314,8;311;311;1132130;0
МТС-ао;D;20180226;000000;312,8;319,5;312,15;315;2091320;0
МТС-ао;D;20180227;000000;314;319;313,4;316,1;936750;0
МТС-ао;D;20180228;000000;315,85;317,5;307,6;307,6;2855940;0
МТС-ао;D;20180301;000000;309,5;312,55;306,8;310,6;1270240;0
МТС-ао;D;20180302;000000;310,6;313;304,1;309,3;841360;0
МТС-ао;D;20180305;000000;309,95;316;309,2;315;698190;0
МТС-ао;D;20180306;000000;315,8;321;313,5;314;1729690;0
МТС-ао;D;20180307;000000;313,25;313,9;309,45;313,25;1084360;0
МТС-ао;D;20180309;000000;313,1;316,4;310,65;314,5;444310;0
МТС-ао;D;20180312;000000;315;318,6;309,85;313,5;1226790;0
МТС-ао;D;20180313;000000;312,05;318,35;311,85;318,15;1008920;0
МТС-ао;D;20180314;000000;317;317,95;313;313;1040060;0
МТС-ао;D;20180315;000000;313,35;319,75;310,6;312,25;4022220;0
МТС-ао;D;20180316;000000;312,5;316,85;311;316,85;1412390;0
МТС-ао;D;20180319;000000;315,9;318,8;312;318;1997820;0
МТС-ао;D;20180320;000000;318;318;307,45;308,1;2383690;0
МТС-ао;D;20180321;000000;309,9;310;306,5;307,65;1672220;0
МТС-ао;D;20180322;000000;307,9;309,75;299,65;300,1;1755240;0
МТС-ао;D;20180323;000000;299;300,95;295,35;295,5;2117770;0
МТС-ао;D;20180326;000000;295,75;296,35;290,85;292,85;3042950;0
МТС-ао;D;20180327;000000;294;295,15;291;292,3;1175000;0
МТС-ао;D;20180328;000000;291,3;295;288,2;295;1542450;0
МТС-ао;D;20180329;000000;294,1;297,3;291,55;293,3;1171340;0
МТС-ао;D;20180330;000000;294,05;297,75;293,65;294,15;597730;0
МТС-ао;D;20180402;000000;294,15;302,25;294,15;297,75;1368430;0
МТС-ао;D;20180403;000000;298;298,65;294,55;295,8;882690;0
МТС-ао;D;20180404;000000;297;298,2;290,7;292,4;1866800;0
МТС-ао;D;20180405;000000;293,5;296;291,7;294,1;1491840;0
МТС-ао;D;20180406;000000;293,7;295,55;292,5;293;779150;0
МТС-ао;D;20180409;000000;293;293;265,5;272,5;7450460;0
МТС-ао;D;20180410;000000;272,95;288,95;266,7;281,85;4903680;0
МТС-ао;D;20180411;000000;281;293;277;279;4392480;0
МТС-ао;D;20180412;000000;283;290;281,2;282,25;3316450;0
МТС-ао;D;20180413;000000;283,85;286,5;277,5;279;2909700;0
МТС-ао;D;20180416;000000;276,85;284,4;276,15;278;2934300;0
МТС-ао;D;20180417;000000;281;285,5;280,45;283,2;2004780;0
МТС-ао;D;20180418;000000;283,05;295;282,8;289,3;3388390;0
МТС-ао;D;20180419;000000;291;294,35;287;289,5;2708910;0
МТС-ао;D;20180420;000000;290;290,75;285,35;287,75;2047940;0
МТС-ао;D;20180423;000000;288,65;292;286,05;287,15;2336450;0
МТС-ао;D;20180424;000000;288;289,8;286,5;289,4;1343890;0
МТС-ао;D;20180425;000000;287,1;290,45;286,25;289,15;1146190;0
МТС-ао;D;20180426;000000;290;295,8;289,4;295,8;2291690;0
МТС-ао;D;20180427;000000;295,8;297,85;292,5;295,1;1201700;0
МТС-ао;D;20180428;000000;293,85;295,2;293;294,05;234170;0
МТС-ао;D;20180430;000000;294,85;297;291,45;296,4;986700;0
МТС-ао;D;20180502;000000;295,95;295,95;290,1;292,3;1231460;0
МТС-ао;D;20180503;000000;291,3;293;290;290,55;1160970;0
МТС-ао;D;20180504;000000;290,9;292,15;289,4;290;913420;0
МТС-ао;D;20180507;000000;290,2;292,6;289,8;291,45;1256640;0
МТС-ао;D;20180508;000000;290,5;291;287,7;290;1156550;0
МТС-ао;D;20180510;000000;289,6;292,65;288,15;289,85;1782140;0
МТС-ао;D;20180511;000000;289,85;291,75;288,05;289,15;1249700;0
МТС-ао;D;20180514;000000;290,2;291,85;288,5;290;1099270;0
МТС-ао;D;20180515;000000;291,15;291,25;288,7;289;1249100;0
МТС-ао;D;20180516;000000;289,65;290,65;288,3;289,05;1061870;0
МТС-ао;D;20180517;000000;289,55;293,45;289,05;293,45;1117760;0
МТС-ао;D;20180518;000000;293,3;294,4;291,25;293,4;938390;0
МТС-ао;D;20180521;000000;293,2;295,95;293,2;294,25;796060;0
МТС-ао;D;20180522;000000;295;297,3;293,15;297,3;906470;0
МТС-ао;D;20180523;000000;296,45;297,45;289,1;291,1;2512150;0
МТС-ао;D;20180524;000000;290,5;292,15;284,1;286,5;2277890;0
МТС-ао;D;20180525;000000;286,5;288,8;284,95;287,2;1336690;0
МТС-ао;D;20180528;000000;287,4;288,75;286,3;287,15;669330;0
МТС-ао;D;20180529;000000;287,9;287,9;281,6;283,2;1634730;0
МТС-ао;D;20180530;000000;283,65;286,5;280,5;283,85;1431800;0
МТС-ао;D;20180531;000000;284,65;286,85;282,4;282,4;1584030;0
МТС-ао;D;20180601;000000;281,45;284,85;281,45;283,1;947380;0
МТС-ао;D;20180604;000000;283,1;286,8;283,1;285,95;830430;0
МТС-ао;D;20180605;000000;286,95;290,4;285,05;285,9;1361140;0
МТС-ао;D;20180606;000000;286,4;286,9;284;285,2;1150270;0
МТС-ао;D;20180607;000000;285,65;287,95;285;286,05;1258280;0
МТС-ао;D;20180608;000000;286;286;282,35;283,55;1425020;0
МТС-ао;D;20180609;000000;283,7;285,55;283,7;284,9;296000;0
МТС-ао;D;20180611;000000;285,4;285,55;281,6;283,7;698870;0
МТС-ао;D;20180613;000000;282,6;283,75;281,75;282,75;1268400;0
МТС-ао;D;20180614;000000;282,45;284,35;281,05;281,85;2793800;0
МТС-ао;D;20180615;000000;281,8;283,85;278,25;282,85;3402720;0
МТС-ао;D;20180618;000000;281,75;282,3;275,2;277,5;3102630;0
МТС-ао;D;20180619;000000;277;279,75;274,2;276,55;3577910;0
МТС-ао;D;20180620;000000;276,8;281,6;276,3;277,1;3859480;0
МТС-ао;D;20180621;000000;277,3;279,75;271,25;272,9;6768020;0
МТС-ао;D;20180622;000000;274,8;275,05;252;264,75;16936700;0
МТС-ао;D;20180625;000000;265,95;269,8;264,1;264,95;4283650;0
МТС-ао;D;20180626;000000;265,15;267,65;261,55;262;2345210;0
МТС-ао;D;20180627;000000;262,95;267;262,35;266,7;2764510;0
МТС-ао;D;20180628;000000;265,7;271,4;264,15;267,35;6002660;0
МТС-ао;D;20180629;000000;270,95;282,3;270,1;278,1;7636880;0
МТС-ао;D;20180702;000000;280,6;285,9;279,8;284,1;4331790;0
МТС-ао;D;20180703;000000;284,1;286,5;281;281,1;3377350;0
МТС-ао;D;20180704;000000;281,95;285;281,45;284;1469290;0
МТС-ао;D;20180705;000000;284,55;288;283,5;288;4977440;0
МТС-ао;D;20180706;000000;269;277,65;268,1;276,95;5092470;0
МТС-ао;D;20180709;000000;277,95;279,75;275,3;278,8;2638430;0
МТС-ао;D;20180710;000000;276,6;278,65;273,65;273,75;2316130;0
МТС-ао;D;20180711;000000;273,65;275,5;269;272,9;2061730;0
МТС-ао;D;20180712;000000;270,75;272,85;269,1;270;1385480;0
МТС-ао;D;20180713;000000;271,5;273,2;269,1;269,15;2166000;0
МТС-ао;D;20180716;000000;271;273,7;268,1;269,35;3132080;0
МТС-ао;D;20180717;000000;269;271,35;266;270,4;2214350;0
МТС-ао;D;20180718;000000;271;271,55;268,3;269;1546760;0
МТС-ао;D;20180719;000000;269,55;269,6;265,2;268,3;1858230;0
МТС-ао;D;20180720;000000;268,3;269,55;266,15;266,3;1379130;0
МТС-ао;D;20180723;000000;267;267,7;260;262;3000110;0
МТС-ао;D;20180724;000000;262,8;264,85;260,9;263,55;1687670;0
МТС-ао;D;20180725;000000;261,25;263,45;260,65;262,8;1016880;0
МТС-ао;D;20180726;000000;264;264,35;261,3;263,3;977750;0
МТС-ао;D;20180727;000000;263,6;266,9;261,9;263,95;1393170;0
МТС-ао;D;20180730;000000;263,2;264,5;257,5;261,85;1299840;0
МТС-ао;D;20180731;000000;262,35;264,75;260,25;263,8;1554150;0
МТС-ао;D;20180801;000000;263,8;264,4;262;262,3;895760;0
МТС-ао;D;20180802;000000;263;263,7;258,5;261,3;1947900;0
МТС-ао;D;20180803;000000;261,3;261,5;258,6;260,8;1582350;0
МТС-ао;D;20180806;000000;261,3;263,9;260;261,95;1028240;0
МТС-ао;D;20180807;000000;262,2;263,65;261,2;262,2;644890;0
МТС-ао;D;20180808;000000;260,9;261,25;255,6;257,5;2637870;0
МТС-ао;D;20180809;000000;257,05;257,9;245,25;253,6;3983140;0
МТС-ао;D;20180810;000000;253,85;258,5;250,1;253,7;3226510;0
МТС-ао;D;20180813;000000;252,5;255;250,5;253,1;1598370;0
МТС-ао;D;20180814;000000;253,55;256,65;248,85;251;3347190;0
МТС-ао;D;20180815;000000;250,15;252,75;246,65;249,85;1971420;0
МТС-ао;D;20180816;000000;249,65;252;248,55;248,8;1652610;0
МТС-ао;D;20180817;000000;249,2;250,5;247,5;248,65;1678280;0
МТС-ао;D;20180820;000000;248,95;252;248,45;249,15;1764220;0
МТС-ао;D;20180821;000000;250;253,65;248,5;253,5;2060920;0
МТС-ао;D;20180822;000000;253,5;254,8;252,05;253,6;1580780;0
МТС-ао;D;20180823;000000;253,8;254,95;250,45;251,95;2416190;0
МТС-ао;D;20180824;000000;251,5;252,7;248;251,55;1932220;0
МТС-ао;D;20180827;000000;252,5;255,4;250,25;255;1033410;0
МТС-ао;D;20180828;000000;255,25;259,5;254,5;258,9;1445950;0
МТС-ао;D;20180829;000000;258,85;263,3;258,05;260,35;1992450;0
МТС-ао;D;20180830;000000;260,95;262,55;257,5;259,15;2167620;0
МТС-ао;D;20180831;000000;259,25;263,3;257,15;261,95;2759430;0
МТС-ао;D;20180903;000000;261,35;263,95;261,1;263,45;777050;0
МТС-ао;D;20180904;000000;263,7;263,95;257,05;257,3;1662210;0
МТС-ао;D;20180905;000000;257,3;258,85;254,75;257,95;2298600;0
МТС-ао;D;20180906;000000;258,05;259;255,3;256,1;1307080;0
МТС-ао;D;20180907;000000;256,1;257,35;254,5;256;1402190;0
МТС-ао;D;20180910;000000;255,8;257,75;252,5;255,85;2024510;0
МТС-ао;D;20180911;000000;256;256,5;250,85;252,5;1619840;0
МТС-ао;D;20180912;000000;252,7;259,3;252,55;256,6;2872930;0
МТС-ао;D;20180913;000000;257,9;267;257,9;264,5;3523660;0
МТС-ао;D;20180914;000000;264,55;267,5;262,55;266;1212200;0
МТС-ао;D;20180917;000000;266,9;277,85;265,45;276,65;3102520;0
МТС-ао;D;20180918;000000;276,35;279,15;272,6;279,15;3067930;0
МТС-ао;D;20180919;000000;278,2;278,7;271,6;275,55;2841040;0
МТС-ао;D;20180920;000000;275;277,5;271,3;271,65;5308920;0
МТС-ао;D;20180921;000000;271,9;276,65;270,5;276,65;2211880;0
МТС-ао;D;20180924;000000;275,55;276,6;274,2;274,75;1074180;0
МТС-ао;D;20180925;000000;275,5;275,7;272,7;274,05;1011110;0
МТС-ао;D;20180926;000000;275;275,1;269,6;269,9;1363670;0
МТС-ао;D;20180927;000000;270,85;275,7;269,25;273,1;1625510;0
МТС-ао;D;20180928;000000;273,25;273,35;270,6;272,5;1182270;0
МТС-ао;D;20181001;000000;272,75;275,7;271,25;274,7;1199710;0
МТС-ао;D;20181002;000000;275;275,5;272,35;272,55;1537590;0
МТС-ао;D;20181003;000000;273,95;279,5;273,15;276,3;2969500;0
МТС-ао;D;20181004;000000;276,95;278,45;274,45;276,5;2315750;0
МТС-ао;D;20181005;000000;276;277,2;272,5;275,1;2008500;0
МТС-ао;D;20181008;000000;274,15;274,8;269,85;269,9;1255130;0
МТС-ао;D;20181009;000000;270,45;271,6;264;264;1847730;0
МТС-ао;D;20181010;000000;264;265,55;261,5;263,5;1364340;0
МТС-ао;D;20181011;000000;261;264,35;259;262,4;2047290;0
МТС-ао;D;20181012;000000;262,9;267;261,8;266,5;1264990;0
МТС-ао;D;20181015;000000;266;270,5;263,15;269,65;1335330;0
МТС-ао;D;20181016;000000;270,65;274;265,55;272,4;1624000;0
МТС-ао;D;20181017;000000;272,5;273,8;270,25;271,05;880190;0
МТС-ао;D;20181018;000000;271;274,4;267,25;269;1251220;0
МТС-ао;D;20181019;000000;268,8;273,55;268,45;270,4;1273810;0
МТС-ао;D;20181022;000000;270,5;272,1;263;264,6;1022690;0
МТС-ао;D;20181023;000000;263,85;264,55;258,55;262,2;1561680;0
МТС-ао;D;20181024;000000;262,75;267,4;262;262,15;1179390;0
МТС-ао;D;20181025;000000;262,05;262,95;257,55;261,5;1598220;0
МТС-ао;D;20181026;000000;258,5;260,15;255,1;258,3;992790;0
МТС-ао;D;20181029;000000;257,5;259,55;255,55;258,9;747960;0
МТС-ао;D;20181030;000000;258,8;258,95;255,55;257;784450;0
МТС-ао;D;20181031;000000;257,7;260,45;256,5;257,6;1183170;0
МТС-ао;D;20181101;000000;257;258,45;253,45;258,25;2345790;0
МТС-ао;D;20181102;000000;258,45;265,25;257,7;262,2;2118410;0
МТС-ао;D;20181106;000000;265,05;267,5;263,65;264;2415940;0
МТС-ао;D;20181107;000000;264,05;270,95;262,05;270,95;1666820;0
МТС-ао;D;20181108;000000;273;275,7;268,45;273,6;2459940;0
МТС-ао;D;20181109;000000;272,5;272,9;265,85;269,3;1211900;0
МТС-ао;D;20181112;000000;269,45;271;264,5;265,95;641420;0
МТС-ао;D;20181113;000000;264,9;269,5;264,9;268,3;979280;0
МТС-ао;D;20181114;000000;268,45;269,45;265,1;269,3;779790;0
МТС-ао;D;20181115;000000;269,5;274,55;267;271,5;1523670;0
МТС-ао;D;20181116;000000;271,55;272,35;266,55;267;1031900;0
МТС-ао;D;20181119;000000;267;270;263,6;266,3;1193380;0
МТС-ао;D;20181120;000000;265,95;265,95;248,4;253;6752010;0
МТС-ао;D;20181121;000000;251,75;257,4;250;252,4;2913730;0
МТС-ао;D;20181122;000000;253;255;252,3;253,95;804710;0
МТС-ао;D;20181123;000000;253,6;253,7;248,1;248,9;1684650;0
МТС-ао;D;20181126;000000;248,9;251,8;245,05;247,5;2272480;0
МТС-ао;D;20181127;000000;248,5;250,85;247,1;249;1123170;0
МТС-ао;D;20181128;000000;248,7;250,85;247,25;248,7;1064770;0
МТС-ао;D;20181129;000000;249,45;254,3;248,2;252,7;2145350;0
МТС-ао;D;20181130;000000;250,35;253,75;247,35;247,55;2534260;0
МТС-ао;D;20181203;000000;249,5;252,9;247,8;248,7;1641510;0
МТС-ао;D;20181204;000000;248,9;249,8;248;248,2;910490;0
МТС-ао;D;20181205;000000;248,1;249;245,4;248,2;996460;0
МТС-ао;D;20181206;000000;247,85;248,05;242;242,3;2675520;0
МТС-ао;D;20181207;000000;242,5;244,3;234,25;237;4458240;0
МТС-ао;D;20181210;000000;237;238,2;229,5;229,5;3131510;0
МТС-ао;D;20181211;000000;229,45;231,7;223,55;224;4413910;0
МТС-ао;D;20181212;000000;224,65;233,85;222,4;232,25;5669450;0
МТС-ао;D;20181213;000000;233,8;236,4;228,75;232,6;4195470;0
МТС-ао;D;20181214;000000;233,6;235,65;229,1;235;2196150;0
МТС-ао;D;20181217;000000;233,1;235,4;231,75;235;1364080;0
МТС-ао;D;20181218;000000;232,7;238,75;230,6;237,7;1780640;0
МТС-ао;D;20181219;000000;235,9;240,95;234,2;240,1;2928190;0
МТС-ао;D;20181220;000000;238,35;244,2;237,15;243,5;3346190;0
МТС-ао;D;20181221;000000;242,6;244,75;239,75;244,75;2427150;0
МТС-ао;D;20181224;000000;244,25;244,3;233,5;235,45;2856640;0
МТС-ао;D;20181225;000000;232,95;233,3;226,4;232,5;1196180;0
МТС-ао;D;20181226;000000;232,65;235,35;231,8;234;929860;0
МТС-ао;D;20181227;000000;236,45;237;231,85;233,35;1722340;0
МТС-ао;D;20181228;000000;233,35;237,85;233,3;236,9;823230;0
МТС-ао;D;20181229;000000;237;238,75;235,5;238;315500;0
МТС-ао;D;20190103;000000;240,9;241,5;237;240,5;940320;0
МТС-ао;D;20190104;000000;240,4;248,6;239,55;248,6;2069380;0
МТС-ао;D;20190108;000000;248,6;253;247,7;250,05;1937790;0
МТС-ао;D;20190109;000000;252,5;253,35;249,1;252;2336770;0
МТС-ао;D;20190110;000000;251,15;256;249,15;256;2315780;0
МТС-ао;D;20190111;000000;254,8;255,4;251,8;252,8;1324790;0
МТС-ао;D;20190114;000000;251,6;253,65;251,05;252,35;1148320;0
МТС-ао;D;20190115;000000;252,55;254,75;251,55;252,45;1007210;0
МТС-ао;D;20190116;000000;252,5;255,2;251,5;254,75;1388420;0
МТС-ао;D;20190117;000000;255,5;256,3;253,95;255,25;2776470;0
МТС-ао;D;20190118;000000;256,3;257,9;255,15;257,5;1472150;0
МТС-ао;D;20190121;000000;257,95;260;256,75;260;671570;0
МТС-ао;D;20190122;000000;259;259,5;244,7;258,55;1765550;0
МТС-ао;D;20190123;000000;258,5;264,6;257,7;264,45;1540040;0
МТС-ао;D;20190124;000000;263,8;266,3;262,2;263,5;1926170;0
МТС-ао;D;20190125;000000;264,75;264,75;260,05;261;1688500;0
МТС-ао;D;20190128;000000;261;262,5;255,45;257,8;1764470;0
МТС-ао;D;20190129;000000;257,7;261,85;256,35;259,55;987820;0
МТС-ао;D;20190130;000000;260,2;262,3;258,45;261,1;724660;0
МТС-ао;D;20190131;000000;262;263,7;260;260,75;1606280;0
МТС-ао;D;20190201;000000;260,65;265;260,65;261,55;1604450;0
МТС-ао;D;20190204;000000;263,1;264,7;261,8;263,25;776310;0
МТС-ао;D;20190205;000000;263,95;267;262,65;264,95;1006910;0
МТС-ао;D;20190206;000000;265,1;265,95;261,9;263,15;1101740;0
МТС-ао;D;20190207;000000;262,8;262,95;259,65;261,8;1476940;0
МТС-ао;D;20190208;000000;260,2;262,85;247,5;255;5293420;0
МТС-ао;D;20190211;000000;252;253,35;249;251,55;3920570;0
МТС-ао;D;20190212;000000;252;258,25;251,35;255,35;2755980;0
МТС-ао;D;20190213;000000;255,35;256,75;251,2;254,1;2570520;0
МТС-ао;D;20190214;000000;252,4;257,4;251,7;257,2;1968830;0
МТС-ао;D;20190215;000000;257,25;262,8;255,65;260,45;2491180;0
МТС-ао;D;20190218;000000;260,45;261;253,05;253,9;2402590;0
МТС-ао;D;20190219;000000;253,75;255,45;250,5;250,6;1487150;0
МТС-ао;D;20190220;000000;251,95;254,6;250,2;251;1885870;0
МТС-ао;D;20190221;000000;251,4;252,8;245,85;249;2603320;0
МТС-ао;D;20190222;000000;249,5;251,45;247,3;249,05;1339070;0
МТС-ао;D;20190225;000000;250,5;251,7;249,3;250,9;932060;0
МТС-ао;D;20190226;000000;250,65;253,35;248,75;252,5;1629750;0
МТС-ао;D;20190227;000000;252,8;253,3;250,75;252,4;1308480;0
МТС-ао;D;20190228;000000;252,3;253,8;250,6;253;1570860;0
МТС-ао;D;20190301;000000;253,6;255,4;252,45;252,6;1720540;0
МТС-ао;D;20190304;000000;253,3;256,15;252,75;255,95;1231430;0
МТС-ао;D;20190305;000000;254,85;256,65;253,8;256,15;707670;0
МТС-ао;D;20190306;000000;256,65;258,8;256,1;257,5;1055970;0
МТС-ао;D;20190307;000000;250,8;256;250,5;254,9;2319690;0
МТС-ао;D;20190311;000000;254,15;256,9;252,6;256,6;1151850;0
МТС-ао;D;20190312;000000;257,5;258,85;256,25;258;1249960;0
МТС-ао;D;20190313;000000;258,2;260,4;257,1;260,25;1357300;0
МТС-ао;D;20190314;000000;260,45;261,65;257,15;259,3;1731830;0
МТС-ао;D;20190315;000000;260,3;261,6;259,65;260;3015530;0
МТС-ао;D;20190318;000000;261,4;264,4;258,6;263,75;2139200;0
МТС-ао;D;20190319;000000;262,15;266,5;260,35;261,95;2048410;0
МТС-ао;D;20190320;000000;260,5;264,6;257,25;258;2275810;0
МТС-ао;D;20190321;000000;259;272,1;256,65;268;7420950;0
МТС-ао;D;20190322;000000;268,2;269,25;264,2;265;3305120;0
МТС-ао;D;20190325;000000;262,95;266,7;260,7;262;2487670;0
МТС-ао;D;20190326;000000;262;265,95;261,15;263,45;2363000;0
МТС-ао;D;20190327;000000;263,5;264,2;257,05;257,75;2852350;0
МТС-ао;D;20190328;000000;257,8;258,85;255,1;255,95;3494040;0
МТС-ао;D;20190329;000000;255,65;257,3;251,5;252,45;3969850;0
МТС-ао;D;20190401;000000;253,95;254,85;252,15;254;3149120;0
МТС-ао;D;20190402;000000;255;258,8;254,8;258;2839200;0
МТС-ао;D;20190403;000000;258;260,95;257,5;258,4;2253770;0
МТС-ао;D;20190404;000000;259,1;262,55;258,55;262,2;1819600;0
МТС-ао;D;20190405;000000;263;265,25;262,1;264,3;1634590;0
МТС-ао;D;20190408;000000;265;265;260;260,85;1643470;0
МТС-ао;D;20190409;000000;262;263,8;260,9;261,5;1664200;0
МТС-ао;D;20190410;000000;261;262;258,25;259,4;2342610;0
МТС-ао;D;20190411;000000;259,05;262,95;258,8;260,5;1846720;0
МТС-ао;D;20190412;000000;261,95;263,9;258,7;259,05;2545450;0
МТС-ао;D;20190415;000000;260,55;263,25;259,3;260,2;1858610;0
МТС-ао;D;20190416;000000;261,05;262,05;255,8;257,45;3204480;0
МТС-ао;D;20190417;000000;258,35;259,6;256,85;258,05;2348160;0
МТС-ао;D;20190418;000000;258,05;259,8;256,5;259;2095730;0
МТС-ао;D;20190419;000000;259,5;260,25;258,85;259,85;645980;0
МТС-ао;D;20190422;000000;260,05;261,9;259,3;261,25;1425510;0
МТС-ао;D;20190423;000000;260,7;261,65;259,5;260;1499050;0
МТС-ао;D;20190424;000000;260;261;258,3;258,8;2419330;0
МТС-ао;D;20190425;000000;257,1;259,5;254,1;255,35;3131620;0
МТС-ао;D;20190426;000000;255,2;257,4;254,5;257;1102920;0
МТС-ао;D;20190429;000000;257,8;258,5;255,15;255,3;1113130;0
МТС-ао;D;20190430;000000;255;256,3;254,35;254,9;1144670;0
МТС-ао;D;20190502;000000;255;262,5;255;261,75;2151010;0
МТС-ао;D;20190503;000000;261,4;263,35;261,2;262,9;2295990;0
МТС-ао;D;20190506;000000;261,8;262,25;259,8;261,35;838080;0
МТС-ао;D;20190507;000000;261,65;263,35;258,5;258,6;1262630;0
МТС-ао;D;20190508;000000;259,2;260,8;257;260,25;1460340;0
МТС-ао;D;20190510;000000;258,85;259,7;254,5;255,4;1697020;0
МТС-ао;D;20190513;000000;255,5;257,85;254,25;255,55;1279780;0
МТС-ао;D;20190514;000000;255,5;257,3;253,7;255,45;1477730;0
МТС-ао;D;20190515;000000;255,6;256,3;253,2;255,1;1559960;0
МТС-ао;D;20190516;000000;255,1;256,5;253,85;254,5;1656930;0
МТС-ао;D;20190517;000000;254,15;254,15;251,2;253,25;2441500;0
МТС-ао;D;20190520;000000;253,2;254,9;251,3;253,15;1707800;0
МТС-ао;D;20190521;000000;253,25;254,2;251,75;252,65;1597980;0
МТС-ао;D;20190522;000000;252,7;254,5;251,9;253,8;1927490;0
МТС-ао;D;20190523;000000;254;258,95;253,4;258,65;3920780;0
МТС-ао;D;20190524;000000;260;261,95;256,2;256,7;3030730;0
МТС-ао;D;20190527;000000;257,45;258,4;256,4;258,2;605060;0
МТС-ао;D;20190528;000000;257,5;259,35;255,05;255,05;1811450;0
МТС-ао;D;20190529;000000;254,75;257,55;253,5;256,9;2427640;0
МТС-ао;D;20190530;000000;256,9;258,3;255,75;258,25;1269500;0
МТС-ао;D;20190531;000000;256,35;257,85;254,55;255,8;993770;0
МТС-ао;D;20190603;000000;256,6;258,8;254,45;258,8;2007420;0
МТС-ао;D;20190604;000000;258,7;261,35;258,15;259,65;2781600;0
МТС-ао;D;20190605;000000;259,9;261,35;258,2;259,2;1453430;0
МТС-ао;D;20190606;000000;260;263,2;259,8;262,95;2371540;0
МТС-ао;D;20190607;000000;262,5;264;261,8;263,15;1858200;0
МТС-ао;D;20190610;000000;264;265,35;262,15;264,75;1742490;0
МТС-ао;D;20190611;000000;264,75;272,7;264,1;269,95;4095520;0
МТС-ао;D;20190613;000000;269,4;271,85;268,15;269,55;1992850;0
МТС-ао;D;20190614;000000;269,8;271,7;269;270,1;1142140;0
МТС-ао;D;20190617;000000;270,15;274;269,05;269,85;2574190;0
МТС-ао;D;20190618;000000;270,5;274,4;268,75;274,2;2281410;0
МТС-ао;D;20190619;000000;274,3;277,85;273,75;276;2690250;0
МТС-ао;D;20190620;000000;277;279,85;276,7;278;4918880;0
МТС-ао;D;20190621;000000;277,8;278,3;274,15;277,85;4261050;0
МТС-ао;D;20190624;000000;278,65;279,95;277,8;279,6;1409270;0
МТС-ао;D;20190625;000000;280;281,5;278,05;280,4;1917630;0
МТС-ао;D;20190626;000000;281;287,05;279,9;287,05;2643800;0
МТС-ао;D;20190627;000000;286,95;287,75;284,5;284,95;1651590;0
МТС-ао;D;20190628;000000;285,35;288,8;284,35;284,9;2041480;0
МТС-ао;D;20190701;000000;286;289,7;284,8;286,45;2379460;0
МТС-ао;D;20190702;000000;286,5;288,35;280,5;281,4;2847750;0
МТС-ао;D;20190703;000000;280,95;285,2;280,95;282,95;2308990;0
МТС-ао;D;20190704;000000;283,8;285;281,85;282,85;1931580;0
МТС-ао;D;20190705;000000;282,95;285,5;282,15;284,95;3606380;0
МТС-ао;D;20190708;000000;267,7;270,3;267,05;268,6;3642990;0
МТС-ао;D;20190709;000000;268,9;271,9;267,25;270,95;2602100;0
МТС-ао;D;20190710;000000;271,15;271,8;267,85;269;2823430;0
МТС-ао;D;20190711;000000;269,35;270,5;266,5;266,9;1956150;0
МТС-ао;D;20190712;000000;266,9;268,9;265;268,55;1615880;0
МТС-ао;D;20190715;000000;268,6;269,95;266,4;268,3;1630310;0
МТС-ао;D;20190716;000000;268,3;268,7;266,55;266,8;1753940;0
МТС-ао;D;20190717;000000;265,5;268,25;264;264,1;1506870;0
МТС-ао;D;20190718;000000;264;265,45;261,05;261,8;1543660;0
МТС-ао;D;20190719;000000;262,5;265,55;261,3;262,4;1107440;0
МТС-ао;D;20190722;000000;263,2;264,1;261;262,7;1205360;0
МТС-ао;D;20190723;000000;262,95;265,45;262;265,45;1187100;0
МТС-ао;D;20190724;000000;264,55;267,05;264;265,5;1082660;0
МТС-ао;D;20190725;000000;265,5;267,85;262,6;265,1;1770830;0
МТС-ао;D;20190726;000000;265,5;266;262,85;266;1291410;0
МТС-ао;D;20190729;000000;265,6;267,9;264,3;264,8;1798010;0
МТС-ао;D;20190730;000000;265,05;269,5;264,35;267,2;2391370;0
МТС-ао;D;20190731;000000;267;268,45;264,7;265;2396880;0
МТС-ао;D;20190801;000000;263,9;265,75;262,9;263,85;2181510;0
МТС-ао;D;20190802;000000;261,55;265,45;260,2;261,75;3463450;0
МТС-ао;D;20190805;000000;261,05;262,7;257;257,8;3077550;0
МТС-ао;D;20190806;000000;258;261,75;257,95;260;2607170;0
МТС-ао;D;20190807;000000;260,75;260,75;258,3;259,35;2088890;0
МТС-ао;D;20190808;000000;260,1;262,3;258,95;260;1884980;0
МТС-ао;D;20190809;000000;260;260,4;258,4;258,75;1244590;0
МТС-ао;D;20190812;000000;259,3;260,8;258,3;259,3;1222260;0
МТС-ао;D;20190813;000000;258,9;260,35;257,7;258,25;1973340;0
МТС-ао;D;20190814;000000;259,2;259,2;255,65;257,5;2226380;0
МТС-ао;D;20190815;000000;257,55;258,6;255,3;256,5;2170720;0
МТС-ао;D;20190816;000000;256,05;256,8;252;254;4419400;0
МТС-ао;D;20190819;000000;255,1;257,15;253,8;256,05;2704350;0
МТС-ао;D;20190820;000000;256,45;258,45;252,1;255,25;3877630;0
МТС-ао;D;20190821;000000;255,25;256,5;254,2;256,25;1444920;0
МТС-ао;D;20190822;000000;256;257,5;253,95;256,85;1963870;0
МТС-ао;D;20190823;000000;257;257,8;255,05;256,35;1374270;0
МТС-ао;D;20190826;000000;255,3;262,5;254,7;262;3641650;0
МТС-ао;D;20190827;000000;262,5;267,4;260,85;261,05;4457940;0
МТС-ао;D;20190828;000000;262,15;265,3;261,3;265,3;1826370;0
МТС-ао;D;20190829;000000;264,3;266,5;263,65;264,6;2015490;0
МТС-ао;D;20190830;000000;265;267,1;264,55;266,35;2184480;0
МТС-ао;D;20190902;000000;266,75;268,55;264,75;266,7;1587580;0
МТС-ао;D;20190903;000000;266,55;267,2;265,1;266,2;1733930;0
МТС-ао;D;20190904;000000;267,45;273,45;267,1;273,4;3567860;0
МТС-ао;D;20190905;000000;272,75;276,6;272,75;275,1;2763330;0
МТС-ао;D;20190906;000000;275;275,25;271,5;272,3;2016100;0
МТС-ао;D;20190909;000000;272,3;274,3;270,2;272,55;1288540;0
МТС-ао;D;20190910;000000;272;272,55;267,6;269;2192320;0
МТС-ао;D;20190911;000000;268,95;272,9;267,65;270,4;2355630;0
МТС-ао;D;20190912;000000;270,4;271,45;267;267,4;2447350;0
МТС-ао;D;20190913;000000;266,8;270,1;266,45;267,95;2155580;0
МТС-ао;D;20190916;000000;269,25;269,9;265,65;269,3;2461160;0
МТС-ао;D;20190917;000000;269,5;270,75;267,8;269,85;2333370;0
МТС-ао;D;20190918;000000;270;272,3;269,5;271;1780020;0
МТС-ао;D;20190919;000000;271,8;273,05;269,35;270,3;2366110;0
МТС-ао;D;20190920;000000;270,2;273,05;268,35;273,05;2805230;0
МТС-ао;D;20190923;000000;272,35;272,35;268,35;269,5;2592860;0
МТС-ао;D;20190924;000000;269,5;270,5;265,8;266,15;2743320;0
МТС-ао;D;20190925;000000;265,95;267,7;262,9;264,7;2962140;0
МТС-ао;D;20190926;000000;266;267;265,3;266;1190590;0
МТС-ао;D;20190927;000000;266;266,95;264,45;266,7;1749460;0
МТС-ао;D;20190930;000000;267;268,8;264,55;265;2012080;0
МТС-ао;D;20191001;000000;265,25;266,8;263,4;264,45;2318000;0
МТС-ао;D;20191002;000000;264,95;265,2;262,1;262,35;3110690;0
МТС-ао;D;20191003;000000;262;263,25;260,8;262,65;2422170;0
МТС-ао;D;20191004;000000;263,2;264;261,75;263,4;1210290;0
МТС-ао;D;20191007;000000;264,2;266,1;262,55;265,7;2107190;0
МТС-ао;D;20191008;000000;265,1;265,45;260,55;260,9;3657250;0
МТС-ао;D;20191009;000000;261;270,85;261;268,65;12473530;0
МТС-ао;D;20191010;000000;269,7;272,75;268,65;272,75;5282860;0
МТС-ао;D;20191011;000000;265,3;268,6;265,1;268;3151290;0
МТС-ао;D;20191014;000000;268;268,75;265;265,5;1754460;0
МТС-ао;D;20191015;000000;265,1;268,3;263,45;267,5;1704430;0
МТС-ао;D;20191016;000000;267;268,25;267;267,75;933660;0
МТС-ао;D;20191017;000000;266,5;267,8;264,15;265,35;3061070;0
МТС-ао;D;20191018;000000;265,55;269,5;264,9;269,1;3409690;0
МТС-ао;D;20191021;000000;269,5;269,5;266;267;2857050;0
МТС-ао;D;20191022;000000;267,5;271,25;266,65;270,3;2580380;0
МТС-ао;D;20191023;000000;269,9;271,15;267,75;270,95;1954840;0
МТС-ао;D;20191024;000000;271,15;281,35;270,35;275,25;6765830;0
МТС-ао;D;20191025;000000;276,9;280;273,3;278,65;5644460;0
МТС-ао;D;20191028;000000;278,65;286,6;277,9;285,7;4917760;0
МТС-ао;D;20191029;000000;286,35;287,3;283,25;287,3;2478320;0
МТС-ао;D;20191030;000000;286,5;288,9;284,9;287,75;4474100;0
МТС-ао;D;20191031;000000;289;289,25;283,6;285;2235100;0
МТС-ао;D;20191101;000000;285;287,85;284,9;286,3;1872860;0
МТС-ао;D;20191105;000000;287;290,6;286,8;289,75;2265470;0
МТС-ао;D;20191106;000000;289,45;291,9;287,75;291,8;1931170;0
МТС-ао;D;20191107;000000;292,9;299,8;291,8;299,6;4289560;0
МТС-ао;D;20191108;000000;299;303,3;297;300,3;3132140;0
МТС-ао;D;20191111;000000;299,55;299,55;295,85;297,8;1476700;0
МТС-ао;D;20191112;000000;299;303,95;298,5;299,5;2497710;0
МТС-ао;D;20191113;000000;298,65;300,2;296,5;298,6;1543670;0
МТС-ао;D;20191114;000000;299;301;297,3;297,3;1108190;0
МТС-ао;D;20191115;000000;298,5;301,25;297,35;300,2;1302800;0
МТС-ао;D;20191118;000000;300,65;302;295,2;297,45;1570030;0
МТС-ао;D;20191119;000000;297,5;306;297,5;305,5;2760530;0
МТС-ао;D;20191120;000000;304,7;308,7;303,9;306,1;2894290;0
МТС-ао;D;20191121;000000;306,45;306,45;304;306;1567940;0
МТС-ао;D;20191122;000000;307;308,6;304,95;305,15;1319870;0
МТС-ао;D;20191125;000000;313,5;318,55;308;308,5;6925170;0
МТС-ао;D;20191126;000000;309,1;310,4;304,5;304,5;4939360;0
МТС-ао;D;20191127;000000;305,3;308,45;304;306,35;3515790;0
МТС-ао;D;20191128;000000;306,3;306,7;304;306,7;1093390;0
МТС-ао;D;20191129;000000;305,95;306,25;303,7;304,5;1466640;0
МТС-ао;D;20191202;000000;304,5;307,55;304,45;305,85;1513400;0
МТС-ао;D;20191203;000000;306;306,15;299,6;303,1;2608740;0
МТС-ао;D;20191204;000000;302,85;305,55;300,4;303,6;1451170;0
МТС-ао;D;20191205;000000;302,25;305,7;301,25;304,1;2934570;0
МТС-ао;D;20191206;000000;304;304;300,8;300,8;2494740;0
МТС-ао;D;20191209;000000;300,8;305;300,4;302,5;2237910;0
МТС-ао;D;20191210;000000;303,1;304,3;301,25;302,4;1549130;0
МТС-ао;D;20191211;000000;302,6;305,85;302,4;305,2;1219260;0
МТС-ао;D;20191212;000000;306,2;308,95;305;305,1;3188020;0
МТС-ао;D;20191213;000000;305,95;306,6;303,05;304,4;2864810;0
МТС-ао;D;20191216;000000;305,2;309,7;304,7;306,85;2317300;0
МТС-ао;D;20191217;000000;307,05;311,2;307;311,2;2546900;0
МТС-ао;D;20191218;000000;310,8;316,45;310;313,85;2780260;0
МТС-ао;D;20191219;000000;313,6;316,5;310,7;312,3;3871980;0
МТС-ао;D;20191220;000000;312,95;313,7;310,3;313,7;1920730;0
МТС-ао;D;20191223;000000;313,6;317,4;313,25;314,05;2225730;0
МТС-ао;D;20191224;000000;313,25;315,9;312,5;314;1624920;0
МТС-ао;D;20191225;000000;314,45;318,7;314;318,05;1818420;0
МТС-ао;D;20191226;000000;318,4;320,45;317,8;319,7;1746490;0
МТС-ао;D;20191227;000000;319,5;323,75;319,45;320;2134450;0
МТС-ао;D;20191230;000000;320,95;323,65;319,05;319,95;2957930;0
МТС-ао;D;20200103;000000;321;322,85;320,65;322,1;2600480;0
МТС-ао;D;20200106;000000;322,7;323,45;321,3;323,45;1227790;0
МТС-ао;D;20200108;000000;323,45;328,5;321,7;328,15;3801350;0
МТС-ао;D;20200109;000000;318,4;324,4;315,65;324,3;3722390;0
МТС-ао;D;20200110;000000;324,15;324,15;319,25;319,4;3723770;0
МТС-ао;D;20200113;000000;319,4;320,5;316,65;319,45;2979930;0
МТС-ао;D;20200114;000000;319,65;321,4;317,2;317,3;2687460;0
МТС-ао;D;20200115;000000;317;319,55;315,4;318,65;2195450;0
МТС-ао;D;20200116;000000;318,65;319,8;317;319,8;1833270;0
МТС-ао;D;20200117;000000;319,95;322;317,75;321,15;2620480;0
МТС-ао;D;20200120;000000;322,15;327,2;321,95;327,2;2756260;0
МТС-ао;D;20200121;000000;326;330,5;323,6;328,7;3298990;0
МТС-ао;D;20200122;000000;329,6;334,15;329;333,8;4032200;0
МТС-ао;D;20200123;000000;332;334,9;326,05;329,95;2354220;0
МТС-ао;D;20200124;000000;330,5;336,45;330,5;336,45;2211060;0
МТС-ао;D;20200127;000000;335,5;336;325,1;326,75;4067820;0
МТС-ао;D;20200128;000000;327;331,7;325,65;327,25;2390990;0
МТС-ао;D;20200129;000000;327,5;328,75;326,25;328,5;1560240;0
МТС-ао;D;20200130;000000;328;332,5;324,6;330,5;2728670;0
МТС-ао;D;20200131;000000;331,1;333,5;326;326,4;2964730;0
МТС-ао;D;20200203;000000;325,45;332,2;324,7;331,95;2926080;0
МТС-ао;D;20200204;000000;331,9;336,1;330,55;332,95;2608760;0
МТС-ао;D;20200205;000000;333,3;335,5;330,1;331,4;4783830;0
МТС-ао;D;20200206;000000;333,1;334,5;329,45;331;2623300;0
МТС-ао;D;20200207;000000;332,15;334,15;327,55;331;4202980;0
МТС-ао;D;20200210;000000;331;332,8;326,85;330,7;3031340;0
МТС-ао;D;20200211;000000;330;334,15;329,6;332,7;2870580;0
МТС-ао;D;20200212;000000;333;340,45;331,05;339;3604850;0
МТС-ао;D;20200213;000000;339,65;340,15;336,65;337,8;2674090;0
МТС-ао;D;20200214;000000;338,1;341;338;340,55;2458000;0
МТС-ао;D;20200217;000000;340,4;342,6;339,3;341;967070;0
МТС-ао;D;20200218;000000;340,7;342,3;337,3;341,4;1876110;0
МТС-ао;D;20200219;000000;341,5;348,9;341,1;348,1;3007420;0
МТС-ао;D;20200220;000000;349,4;352,45;346,95;347,5;2815220;0
МТС-ао;D;20200221;000000;347,45;353,05;344,25;348;2807220;0
МТС-ао;D;20200225;000000;345,45;348;337,5;337,5;4358160;0
МТС-ао;D;20200226;000000;337;342,7;330,4;339;4446780;0
МТС-ао;D;20200227;000000;336,6;338,8;326;329;4367030;0
МТС-ао;D;20200228;000000;321;333,3;307,25;320,5;7711250;0
МТС-ао;D;20200302;000000;330;332,65;314,1;327,2;6656020;0
МТС-ао;D;20200303;000000;333,4;335,4;325,05;328,25;6598960;0
МТС-ао;D;20200304;000000;325,1;328,85;319,25;328,75;3773780;0
МТС-ао;D;20200305;000000;331,55;331,55;324,5;329,55;3281090;0
МТС-ао;D;20200306;000000;326,5;328,05;311,8;318,8;7514710;0
МТС-ао;D;20200310;000000;300;321,35;293;294,8;12715460;0
МТС-ао;D;20200311;000000;299,5;301,2;283,1;293,3;7913610;0
МТС-ао;D;20200312;000000;287,1;299,9;271,7;272,95;12340640;0
МТС-ао;D;20200313;000000;275,75;293,55;266;269;13747560;0
МТС-ао;D;20200316;000000;270,75;272,9;255;267,1;7378810;0
МТС-ао;D;20200317;000000;263,1;272;256,2;268,45;5512210;0
МТС-ао;D;20200318;000000;262,2;268,4;253,35;256,75;5494090;0
МТС-ао;D;20200319;000000;259;266,95;250,55;265,5;9636330;0
МТС-ао;D;20200320;000000;270,8;283,3;270,35;276,5;14561840;0
МТС-ао;D;20200323;000000;269,9;276,5;261;262,1;11384080;0
МТС-ао;D;20200324;000000;270;280;268,85;280;9333940;0
МТС-ао;D;20200325;000000;281;287,85;269,5;278,35;12718830;0
МТС-ао;D;20200326;000000;278,95;287,65;272,25;285,95;8122610;0
МТС-ао;D;20200327;000000;288,55;293;281,35;290;10223270;0
МТС-ао;D;20200330;000000;287;297;283,25;296,95;4466880;0
МТС-ао;D;20200331;000000;297,2;300,65;291;299,1;8026000;0
МТС-ао;D;20200401;000000;297,6;299,75;294;297;3431390;0
МТС-ао;D;20200402;000000;298,45;302,85;295,85;299,3;6535770;0
МТС-ао;D;20200403;000000;298,5;304,4;295;295,6;8972360;0
МТС-ао;D;20200406;000000;299,9;310,5;297,3;308,85;5089830;0
МТС-ао;D;20200407;000000;310,5;314,55;306,2;308,7;5664530;0
МТС-ао;D;20200408;000000;307,9;313,85;306,1;313,85;3375880;0
МТС-ао;D;20200409;000000;314,65;314,7;308,95;310,45;5695870;0
МТС-ао;D;20200410;000000;311,05;311,3;306,05;310,95;1761270;0
МТС-ао;D;20200413;000000;310,9;311,35;303,55;308;2779390;0
МТС-ао;D;20200414;000000;308,4;311,8;307,8;310,95;2888490;0
МТС-ао;D;20200415;000000;311;311;300,75;304;5463460;0
МТС-ао;D;20200416;000000;305;309,8;299,25;303,4;5609660;0
МТС-ао;D;20200417;000000;306,35;309,85;304,4;305,35;3543090;0
МТС-ао;D;20200420;000000;304,95;309,25;303,5;306;3466360;0
МТС-ао;D;20200421;000000;303,5;304,95;293,5;302;6678680;0
МТС-ао;D;20200422;000000;300,1;312,55;299,45;309,7;4805730;0
МТС-ао;D;20200423;000000;312,05;314,25;306,65;314,25;3288930;0
МТС-ао;D;20200424;000000;313,8;314,1;306,1;306,8;3570590;0
МТС-ао;D;20200427;000000;308;311,95;307,3;311,4;3103520;0
МТС-ао;D;20200428;000000;310,5;319,65;308,7;313,5;5080050;0
МТС-ао;D;20200429;000000;315;323,15;313,5;319,2;6061610;0
МТС-ао;D;20200430;000000;321,5;323,95;317,3;319,6;4755680;0
МТС-ао;D;20200504;000000;314,75;318,05;312,35;316,55;2972650;0
МТС-ао;D;20200505;000000;318,05;321,05;317,35;320,4;1772140;0
МТС-ао;D;20200506;000000;321,2;321,9;317,55;318;2439430;0
МТС-ао;D;20200507;000000;318,1;322,45;318;320,3;2508260;0
МТС-ао;D;20200508;000000;320,6;326,6;320,5;325,3;2877600;0
МТС-ао;D;20200512;000000;324,6;325,8;320,3;323,6;3461360;0
МТС-ао;D;20200513;000000;322,3;324,4;318,05;318,45;6143050;0
МТС-ао;D;20200514;000000;317,4;320,7;315,05;315,15;5379080;0
МТС-ао;D;20200515;000000;318;322,35;318;320,15;3195400;0
МТС-ао;D;20200518;000000;321,05;326,3;320,3;325,5;3556590;0
МТС-ао;D;20200519;000000;326,6;328,85;324;327,25;2314080;0
МТС-ао;D;20200520;000000;327,6;339,85;327;332,55;4979390;0
МТС-ао;D;20200521;000000;333,45;337,95;328,3;328,7;3316160;0
МТС-ао;D;20200522;000000;327,85;330,95;325,1;327,1;2823360;0
МТС-ао;D;20200525;000000;327,25;332,35;326,85;332,2;1474400;0
МТС-ао;D;20200526;000000;333,5;339;331,55;331,9;3784800;0
МТС-ао;D;20200527;000000;331,45;337,7;326,3;326,5;5409950;0
МТС-ао;D;20200528;000000;327,55;329,85;321,7;324,05;6762720;0
МТС-ао;D;20200529;000000;323,2;324,85;318;320;7126550;0
МТС-ао;D;20200601;000000;323;323,55;316,85;319,6;7461410;0
МТС-ао;D;20200602;000000;321;327,6;320,55;326,7;7054410;0
МТС-ао;D;20200603;000000;327,5;333,5;326,75;329,7;7222630;0
МТС-ао;D;20200604;000000;329,6;330,6;321,15;323,5;6558720;0
МТС-ао;D;20200605;000000;323,95;328,55;321,7;326,25;6747330;0
МТС-ао;D;20200608;000000;327;331,45;324,05;325,5;5387930;0
МТС-ао;D;20200609;000000;326,95;330,35;324,65;329,15;6599490;0
МТС-ао;D;20200610;000000;329,15;331,2;324,8;326,85;5047930;0
МТС-ао;D;20200611;000000;326,5;326,5;322,05;322,8;4731550;0
МТС-ао;D;20200615;000000;321,45;325,2;317,5;323,8;5339580;0
МТС-ао;D;20200616;000000;325,55;328,5;325,55;328;5116460;0
МТС-ао;D;20200617;000000;328;328,9;323,35;325,75;4413450;0
МТС-ао;D;20200618;000000;325,5;327,55;323,55;326,05;3714470;0
МТС-ао;D;20200619;000000;326,35;330;326,35;327,35;5396230;0
МТС-ао;D;20200622;000000;327,5;327,65;322,7;325;5651790;0
МТС-ао;D;20200623;000000;325,55;326,3;323,4;324,7;5203960;0
МТС-ао;D;20200625;000000;323,55;327,1;321,65;325,45;6408930;0
МТС-ао;D;20200626;000000;326;326,95;323,6;324,3;4038520;0
МТС-ао;D;20200629;000000;324,95;326,65;324,5;325,95;3507190;0
МТС-ао;D;20200630;000000;326,1;333;325,5;330,45;7277040;0
МТС-ао;D;20200702;000000;331,5;334;329,5;330,85;6349750;0
МТС-ао;D;20200703;000000;331;335;330,45;334,6;3379360;0
МТС-ао;D;20200706;000000;335,8;339,6;335,3;338,1;8567010;0
МТС-ао;D;20200707;000000;338,55;338,55;314;336,6;7943480;0
МТС-ао;D;20200708;000000;320,95;323,2;317,85;321,1;10611710;0
МТС-ао;D;20200709;000000;321,15;322;314;315;6509780;0
МТС-ао;D;20200710;000000;315;317,7;312,5;314,95;5240620;0
МТС-ао;D;20200713;000000;316,3;318,8;315,3;315,7;5158560;0
МТС-ао;D;20200714;000000;316,1;317,7;313,15;317;4947860;0
МТС-ао;D;20200715;000000;317,55;319,95;316,1;319,7;2759780;0
МТС-ао;D;20200716;000000;319,1;322,1;317,35;321;3512240;0
МТС-ао;D;20200717;000000;320,05;322,15;319,8;321,55;1658340;0
МТС-ао;D;20200720;000000;321,3;322,9;320,2;322,75;2330440;0
МТС-ао;D;20200721;000000;322,95;325,85;321,5;322,2;4158960;0
МТС-ао;D;20200722;000000;322,6;324,5;322,05;323,85;1953520;0
МТС-ао;D;20200723;000000;324,3;325,2;321,25;321,95;2219320;0
МТС-ао;D;20200724;000000;321,85;323,55;319,2;321;2762240;0
МТС-ао;D;20200727;000000;321,75;323,7;321;323,25;2958970;0
МТС-ао;D;20200728;000000;323,25;326,95;323;326,7;4897650;0
МТС-ао;D;20200729;000000;326,7;330,3;325,75;329,8;4425390;0
МТС-ао;D;20200730;000000;328,95;328,95;324,35;325,6;3547660;0
МТС-ао;D;20200731;000000;326,3;328,4;325,6;327,55;3935060;0
МТС-ао;D;20200803;000000;328;334,95;326,55;333,3;7079070;0
МТС-ао;D;20200804;000000;332,6;336;330,7;335,7;3982950;0
МТС-ао;D;20200805;000000;335,15;337,9;333,25;333,95;3594030;0
МТС-ао;D;20200806;000000;335,25;335,3;329,65;332,75;4400500;0
МТС-ао;D;20200807;000000;332,25;334,05;328,9;329,75;3168970;0
МТС-ао;D;20200810;000000;330,7;332,3;327,9;329,15;3031710;0
МТС-ао;D;20200811;000000;329,55;331,65;328,2;329,55;4867810;0
МТС-ао;D;20200812;000000;329,75;338,25;329,5;337,5;5461870;0
МТС-ао;D;20200813;000000;337;339,1;335,4;337,9;5035940;0
МТС-ао;D;20200814;000000;339,15;342,1;335,8;340,2;5110810;0
МТС-ао;D;20200817;000000;340,05;344,55;339,15;341,95;5589730;0
МТС-ао;D;20200818;000000;342,3;343,65;340,2;341,9;2407170;0
МТС-ао;D;20200819;000000;342,35;346,4;340,2;342;4488970;0
МТС-ао;D;20200820;000000;341;344,25;338,25;341,9;3730160;0
МТС-ао;D;20200821;000000;342,85;342,85;336,6;341,5;3542460;0
МТС-ао;D;20200824;000000;342,15;346;341,3;344,25;2966970;0
МТС-ао;D;20200825;000000;344,3;345,85;342,45;344,75;2289410;0
МТС-ао;D;20200826;000000;344,7;346,75;341,4;346,65;3915780;0
МТС-ао;D;20200827;000000;347;349,7;345,85;348,7;3649520;0
МТС-ао;D;20200828;000000;349;349,1;341,1;341,75;2827410;0
МТС-ао;D;20200831;000000;342,55;343,95;334,1;335,9;2671730;0
МТС-ао;D;20200901;000000;337,4;341,3;331,6;339,5;4162280;0
МТС-ао;D;20200902;000000;339,9;342,9;333,55;335,8;3556750;0
МТС-ао;D;20200903;000000;337,05;339,3;332,7;335,4;5868040;0
МТС-ао;D;20200904;000000;336,25;338,25;332,2;336;3079140;0
МТС-ао;D;20200907;000000;335,95;337;331,05;335,8;2066610;0
МТС-ао;D;20200908;000000;336,95;336,95;328,2;332,35;3303290;0
МТС-ао;D;20200909;000000;331,15;336,65;330,05;336,1;2152820;0
МТС-ао;D;20200910;000000;336,05;337,45;331,35;332,2;2957160;0
МТС-ао;D;20200911;000000;332,85;333,75;330,25;331,7;2765380;0
МТС-ао;D;20200914;000000;333;333,9;331,6;333,7;2770370;0
МТС-ао;D;20200915;000000;333,75;337,5;333,5;336,95;3940670;0
МТС-ао;D;20200916;000000;337,2;339,7;336,5;338,75;2659940;0
МТС-ао;D;20200917;000000;337,5;340,4;337,1;339,75;3029610;0
МТС-ао;D;20200918;000000;340,05;341,5;337;337,45;2895080;0
МТС-ао;D;20200921;000000;337,85;338;334,35;337,8;2542580;0
МТС-ао;D;20200922;000000;337,05;341,95;335,8;339,45;3302470;0
МТС-ао;D;20200923;000000;340,75;344,5;339;339,35;3242740;0
МТС-ао;D;20200924;000000;340,65;340,65;336,35;337,2;3020510;0
МТС-ао;D;20200925;000000;337,1;340,85;334,6;340,2;4571660;0
МТС-ао;D;20200928;000000;340;345,2;339,85;344,4;2779800;0
МТС-ао;D;20200929;000000;345;346,2;338,15;339,1;3054130;0
МТС-ао;D;20200930;000000;339,1;341;337,7;338,7;2950910;0
МТС-ао;D;20201001;000000;340,35;340,8;336,4;338,3;3143850;0
МТС-ао;D;20201002;000000;337,95;341;337,45;340,45;1757210;0
МТС-ао;D;20201005;000000;339,7;344,3;339,7;343,25;3976610;0
МТС-ао;D;20201006;000000;343,6;344,95;339,4;340,2;3140270;0
МТС-ао;D;20201007;000000;341,45;341,75;329,35;332;7632940;0
МТС-ао;D;20201008;000000;333,1;336,7;332,05;335,15;6341770;0
МТС-ао;D;20201009;000000;328,8;331,15;327,5;329;4176610;0
МТС-ао;D;20201012;000000;330,15;333,3;329,55;330,8;2436040;0
МТС-ао;D;20201013;000000;331,45;332,9;329,4;330,6;2838380;0
МТС-ао;D;20201014;000000;330,6;332,75;329,2;332,6;3262630;0
МТС-ао;D;20201015;000000;331,6;333,55;320,1;321,75;4638810;0
МТС-ао;D;20201016;000000;322,15;324,2;313,7;321,75;8515880;0
МТС-ао;D;20201019;000000;322,5;323,75;315,2;316,2;3173290;0
МТС-ао;D;20201020;000000;316;322,4;316;320,8;3885020;0
МТС-ао;D;20201021;000000;321,95;321,95;316,65;321,15;2422170;0
МТС-ао;D;20201022;000000;320,9;322,8;318;320,45;2502910;0
МТС-ао;D;20201023;000000;320,85;321,35;317,2;318,4;2701640;0
МТС-ао;D;20201026;000000;318,35;319,95;316,3;317,25;2348870;0
МТС-ао;D;20201027;000000;317,75;319,35;315,9;316,2;3403610;0
МТС-ао;D;20201028;000000;316,6;316,75;310,1;313,15;5609150;0
МТС-ао;D;20201029;000000;313,65;315,95;308,2;313,1;4025920;0
МТС-ао;D;20201030;000000;311,1;312,35;308,6;311,6;2907880;0
МТС-ао;D;20201102;000000;311,75;317;308,2;315,95;4079660;0
МТС-ао;D;20201103;000000;316,5;320,2;316,5;319,25;1929110;0
МТС-ао;D;20201105;000000;321,95;324;317;323,4;3864360;0
МТС-ао;D;20201106;000000;322,85;324,2;320,65;323,65;3443560;0
МТС-ао;D;20201109;000000;324,1;328,3;323,6;324,7;7045040;0
МТС-ао;D;20201110;000000;325,9;326;320,55;322,6;4609340;0
МТС-ао;D;20201111;000000;322,7;324,3;320,65;322,15;3516680;0
МТС-ао;D;20201112;000000;321,1;322,5;318,3;318,95;3142380;0
МТС-ао;D;20201113;000000;319,8;321,95;316,65;321,7;3826710;0
МТС-ао;D;20201116;000000;322,15;323,6;320,35;323,15;4226870;0
МТС-ао;D;20201117;000000;322,9;325,9;319,25;324,7;6664770;0
МТС-ао;D;20201118;000000;324,7;324,7;319,2;321,6;5264790;0
МТС-ао;D;20201119;000000;322;323,1;318,5;319,45;4930780;0
МТС-ао;D;20201120;000000;319,9;319,9;316,25;317,7;5369320;0
МТС-ао;D;20201123;000000;318,2;320,1;317,6;319,55;3161760;0
МТС-ао;D;20201124;000000;319,6;321,1;314,1;314,85;5744850;0
МТС-ао;D;20201125;000000;316,3;319,4;313,5;319,05;6293890;0
МТС-ао;D;20201126;000000;318,65;319,7;317,4;318,8;2713520;0
МТС-ао;D;20201127;000000;318,15;321,95;316,8;321;6117700;0
МТС-ао;D;20201130;000000;320,05;322,85;318,3;321,65;3671260;0
МТС-ао;D;20201201;000000;321,95;325,4;321,25;322,85;5170390;0
МТС-ао;D;20201202;000000;323;323,85;320,1;321;3923730;0
МТС-ао;D;20201203;000000;321,4;322,4;317,1;317,55;4632750;0
МТС-ао;D;20201204;000000;318,95;320;316,2;316,85;3488450;0
МТС-ао;D;20201207;000000;317,65;320,1;317,1;317,55;2838830;0
МТС-ао;D;20201208;000000;318;319,3;316,5;318,05;3557650;0
МТС-ао;D;20201209;000000;318,25;324,2;317,65;320,8;7505750;0
МТС-ао;D;20201210;000000;321,5;324,75;320,55;324;4184120;0
МТС-ао;D;20201211;000000;324,75;327,2;318,25;318,65;6225400;0
МТС-ао;D;20201214;000000;320,2;322,3;318;318,95;4787280;0
МТС-ао;D;20201215;000000;319,95;320,95;318,2;320,7;3329860;0
МТС-ао;D;20201216;000000;320,5;323;319,5;321,4;2891640;0
МТС-ао;D;20201217;000000;322,05;326,8;321,3;325,9;4142120;0
МТС-ао;D;20201218;000000;325;329;322,25;328,05;6669160;0
МТС-ао;D;20201221;000000;327,75;329,45;321,5;325,3;5633510;0
МТС-ао;D;20201222;000000;324,75;327,8;323,55;326,85;2916740;0
МТС-ао;D;20201223;000000;326,7;328,2;325,5;326,75;2274090;0
МТС-ао;D;20201224;000000;327,1;327,8;326,1;326,45;1264600;0
МТС-ао;D;20201225;000000;327;329,7;325,1;327,9;1623000;0
МТС-ао;D;20201228;000000;329,1;329,75;327,15;327,65;2383450;0
МТС-ао;D;20201229;000000;328;331,7;327,9;330,25;2708970;0
МТС-ао;D;20201230;000000;331,5;332,05;326,1;331,2;2602260;0
